981.522095
1002.514954
1002.263367
1004.609619
1005.014282
1004.086304
1005.113037
1006.415771
1004.516235
1005.370605
1004.630005
1004.003113
1004.086304
1006.610657
1006.005737
1004.806152
1003.655884
1005.837219
1004.115173
1006.266235
1004.129639
1004.267761
1006.390564
1005.890747
1005.942444
1006.007629
1006.333862
1006.499390
1004.778625
1004.306458
1005.722290
1006.004761
1003.617554
1005.480286
1003.529907
1006.051025
1004.684387
1004.554932
1004.754578
1002.002502
1003.597046
1004.927307
1004.901855
1004.561829
1005.662476
1006.440063
1005.761780
1005.149231
1004.820557
1005.429749
1006.130005
1004.362427
1005.010071
1004.239380
1005.589233
1005.255310
1005.588013
1002.202209
1004.872620
1004.963440
1005.242371
1005.077209
1004.353638
1003.164001
1006.129761
1005.049988
1005.771057
1006.455872
1006.106934
1006.189941
1006.082214
1005.672241
1005.051392
1006.039307
1006.666931
1005.063538
1005.441406
1005.180054
1006.618225
1005.256409
1004.669495
1004.109497
1005.140625
1004.890991
1006.363159
1005.918335
1007.528503
1007.289307
1005.011292
1006.629028
1006.151245
1005.185547
1007.330811
1005.717712
1006.266479
1005.087402
1004.955627
1003.602234
1005.252197
1004.167664
1007.246155
