6.02842
6.03367
6.02885
6.0286
6.03632
6.02762
6.03475
6.03592
6.03119
6.03647
6.03295
6.03599
6.03411
6.03222
6.03318
6.0369
6.03121
6.03509
6.03238
6.03454
6.03447
6.02738
6.03489
6.03112
6.02916
6.03269
6.03431
6.03263
6.03316
6.03304
6.03486
6.03003
6.03174
6.03267
6.03279
6.03433
6.03166
6.03283
6.03114
6.03467
6.03229
6.02936
6.03196
6.03546
6.03397
6.03382
6.03308
6.03539
6.0279
6.03472
6.03178
6.03156
6.03455
6.03204
6.03383
6.03372
6.03392
6.03356
6.02866
6.03819
6.02738
6.03444
6.03249
6.02797
6.03261
6.03697
6.03106
6.02835
6.03261
6.03123
6.03369
6.03188
6.03216
6.03145
6.03304
6.02863
6.03481
6.0298
6.03509
6.03327
6.03327
6.03535
6.03307
6.02847
6.03138
6.03698
6.034
6.03341
6.03347
6.03107
6.03218
6.03117
6.03099
6.03369
6.03157
6.03261
6.03542
6.03274
6.03427
6.03247
6.03012
6.03563
6.03645
6.02945
6.03579
6.0376
6.03261
6.03209
6.03047
6.0334
6.03184
6.03101
6.03343
6.03599
6.03437
6.03388
6.03346
6.03813
6.03669
6.0327
6.03611
6.03246
6.03167
6.02943
6.03405
6.0347
6.03134
6.03498
6.03473
6.03236
6.03669
6.03446
6.03172
6.03367
6.03641
6.03342
6.03729
6.03476
6.03199
6.02973
6.03825
6.03472
6.02728
6.03552
6.03499
6.02976
6.03094
6.03153
6.03509
6.03062
6.03665
6.0293
6.03696
6.0337
6.03596
6.03377
6.03327
6.03641
6.02801
6.03604
6.02658
6.03686
6.03696
6.03327
6.02971
6.03191
6.03634
6.0317
6.03403
6.03484
6.03163
6.03235
6.03359
6.03344
6.0306
6.03276
6.03975
6.03308
6.03745
6.03138
6.03544
6.0318
6.03417
6.03357
6.032
6.03424
6.02757
6.03455
6.0334
6.0343
6.03565
6.0357
6.03179
6.03355
6.03485
6.03411
6.03645
6.03309
6.03621
6.03215
6.03098
