Weights for layer dense: [array([[ 0.06650922, -1.5691792 , -1.718375  , -1.6568916 , -0.30973122,
        -1.7330725 , -0.04232921, -1.6181625 ,  0.12381209, -1.4935374 ,
         0.1354468 , -1.4745651 , -0.3797875 , -1.7109286 ,  0.19637701,
        -1.5965391 ,  0.19942966,  0.15759729, -1.5777771 ,  0.17245525,
        -0.05182678, -1.724727  ,  0.19421367,  0.23616228, -0.01085982,
        -1.7063318 ,  0.19675124,  0.08884849, -1.5765414 ,  0.06027905,
        -0.19270183, -1.5738158 , -0.10887084, -1.7335594 , -0.0733117 ,
        -1.4959573 , -1.6029549 , -0.04271137, -1.7291198 , -1.7334825 ,
         0.09052877,  0.02047973, -1.5333722 ,  0.056997  ,  0.1926776 ,
        -1.717285  , -1.6343379 , -1.5352645 ,  0.13032632,  0.12431905,
         0.08902757,  0.153004  ,  0.15669361,  0.15740979, -0.11451382,
        -0.05754137, -1.6573735 ,  0.1544097 , -1.5908048 ,  0.07433155,
        -1.6636524 ,  0.07908259, -0.1373404 , -1.625413  ],
       [-0.14237949,  0.25519732,  0.21954486,  1.6030211 ,  1.5525522 ,
        -0.8389424 ,  1.1122482 , -0.7777974 , -0.7325154 ,  1.6043679 ,
        -0.6933554 , -0.37263003,  1.0026906 , -0.84902894,  0.6299482 ,
         1.6410617 ,  1.5053549 ,  1.4960632 ,  1.5792812 , -0.65890753,
         1.3331462 , -0.04404967, -1.0331517 , -0.02313363, -0.65620846,
        -0.01691992,  1.6017829 ,  1.3093369 , -0.13267201,  1.5328465 ,
         1.4554968 , -0.8569386 ,  1.5946914 , -0.9715775 ,  1.6334367 ,
         1.5636622 , -0.2570149 , -1.015854  ,  1.5667539 ,  0.07587871,
         1.3354505 , -0.814749  ,  1.6137526 , -0.1328188 ,  1.4464763 ,
        -0.9628381 ,  1.5568662 ,  1.3955272 ,  1.5627782 ,  1.3995903 ,
         0.49886897,  0.9422486 ,  1.4319513 ,  1.3452814 ,  1.2304815 ,
         0.19013916,  0.12354136,  1.4985418 , -0.98326695,  1.1053556 ,
        -0.912     ,  1.6329211 ,  0.93001914,  0.04858134],
       [ 1.436747  ,  1.2915007 ,  1.424295  ,  1.4723687 ,  1.3732337 ,
         0.5283349 , -1.0311488 ,  0.40406314,  0.17851834,  1.3351072 ,
        -0.34466967,  1.3334378 ,  0.9912077 ,  0.43440768,  0.4310139 ,
        -1.1337563 , -1.2551438 , -1.1953963 , -1.0255615 ,  0.5807004 ,
         1.2186134 ,  1.1807746 ,  0.56020325, -0.90384895, -0.19493306,
         1.4605678 ,  1.4117937 ,  1.2778347 ,  1.4172494 , -1.3076413 ,
         0.6925227 ,  0.1662253 , -1.171413  ,  0.46822885, -1.099234  ,
        -1.2902188 ,  1.4232211 ,  0.16639198, -1.1713171 ,  1.4604312 ,
        -1.3334398 ,  0.93626165,  1.4146829 ,  1.2874029 , -1.3100543 ,
         0.42863023, -1.0428957 , -1.0461198 , -1.380465  ,  1.3177963 ,
         1.0327494 , -0.7936703 , -1.244446  , -0.8657564 , -1.4105843 ,
         1.5396296 ,  1.3557737 ,  1.4035388 ,  0.4611098 , -1.3945969 ,
         0.51529294, -0.92540395,  0.06766101,  1.398281  ],
       [ 1.4470761 ,  1.3125603 ,  1.3622801 ,  0.9435008 ,  1.087572  ,
        -1.3433629 , -0.9152656 , -1.3342669 , -1.2202295 ,  1.4744912 ,
        -0.8844701 ,  0.0983518 ,  1.2553294 , -1.2665493 , -1.1975652 ,
        -0.34863648,  1.1315229 , -0.63487947,  0.2430331 , -1.1641619 ,
         1.2244985 ,  1.3256812 , -1.3908482 , -1.2575117 , -0.9860103 ,
         1.478178  ,  1.3823382 ,  0.43851933,  0.7957763 ,  0.20962426,
        -0.810198  , -1.3740119 , -0.46708784, -1.3034571 , -0.01239711,
         1.2654251 ,  1.4694432 , -1.3173069 , -0.28389588,  1.5463374 ,
         1.3660604 , -1.2047021 ,  1.2485436 ,  0.75543475,  0.93797106,
        -1.2986543 , -0.24216895, -0.07729232,  1.4334509 ,  1.2242796 ,
        -1.2929207 , -0.9648454 ,  1.163675  , -0.01898196,  1.3760681 ,
         1.3227657 ,  1.467499  ,  1.3383826 , -1.3588845 ,  1.3807607 ,
        -1.3136703 , -0.13698882, -0.84699076,  1.2739315 ]],
      dtype=float32), array([1.4633892, 1.3541663, 1.4250848, 1.4428718, 1.4278517, 1.5138032,
       1.5023434, 1.4945577, 1.4728117, 1.4626446, 1.527494 , 1.3874638,
       1.306569 , 1.4803287, 1.4516764, 1.4487587, 1.3173982, 1.4764742,
       1.3978348, 1.4864295, 1.4220378, 1.4367537, 1.5496725, 1.4891735,
       1.5145533, 1.4602666, 1.4794334, 1.302568 , 1.4789712, 1.4806983,
       1.4505386, 1.5011541, 1.381706 , 1.4381771, 1.3728478, 1.4509549,
       1.4454762, 1.5143713, 1.4660834, 1.469586 , 1.3957309, 1.4358876,
       1.4298115, 1.4936682, 1.4135487, 1.4969699, 1.4489887, 1.3660264,
       1.4491308, 1.4452417, 1.4466358, 1.4581668, 1.4296192, 1.2395986,
       1.3973546, 1.4624236, 1.4798414, 1.3733225, 1.4810619, 1.4071689,
       1.5052415, 1.4439312, 1.5038346, 1.4828706], dtype=float32)]
Weights for layer dense_1: [array([[ 0.17773132,  0.0538986 ,  1.4418237 , ...,  0.08308198,
         1.328145  ,  1.1250234 ],
       [-0.17330797, -0.01464194,  1.4258975 , ..., -0.1941492 ,
         1.7488555 ,  1.2599568 ],
       [-0.25723577,  0.10160887,  1.2773412 , ...,  0.13055713,
         1.4686186 ,  1.4986045 ],
       ...,
       [-0.11543107,  0.02002073,  1.5224093 , ..., -0.07562742,
         1.6862983 ,  1.4173632 ],
       [-0.14121126, -0.06500462,  1.6344105 , ...,  0.09360787,
         1.3648815 ,  1.2734034 ],
       [ 0.05755691, -0.22067179,  1.1570301 , ..., -0.08778936,
         1.2660567 ,  1.58919   ]], dtype=float32), array([-0.0257744 , -0.0161374 ,  1.0336735 , -0.02537769,  1.0292262 ,
        1.0581943 ,  1.0625151 ,  1.12413   , -0.01354389,  1.0008972 ,
       -0.04054016, -0.02190574, -0.02942449, -0.03431565,  1.0390072 ,
       -0.04513632, -0.04149142, -0.025692  ,  1.1287956 ,  1.0395491 ,
       -0.02712451, -0.03783485, -0.03985111, -0.0366291 ,  1.0909649 ,
        1.1599948 , -0.03936827, -0.0310206 , -0.05179065, -0.0284458 ,
        1.1639413 ,  1.0419244 ], dtype=float32)]
Weights for layer dense_2: [array([[-0.08687471],
       [-0.0117432 ],
       [ 1.8257282 ],
       [-0.36130363],
       [ 1.828804  ],
       [ 1.9324702 ],
       [ 1.7822025 ],
       [ 1.6642804 ],
       [-0.21765453],
       [ 1.8823768 ],
       [-0.3107747 ],
       [-0.24333607],
       [-0.3712653 ],
       [-0.22493455],
       [ 1.8111533 ],
       [-0.18017213],
       [-0.14224048],
       [-0.1319691 ],
       [ 1.6530579 ],
       [ 1.7995061 ],
       [-0.32219154],
       [-0.207489  ],
       [-0.17603017],
       [-0.06829089],
       [ 1.6711043 ],
       [ 1.6123253 ],
       [-0.0253572 ],
       [-0.3607865 ],
       [-0.2951849 ],
       [-0.26443034],
       [ 1.6185544 ],
       [ 1.876396  ]], dtype=float32), array([0.71911454], dtype=float32)]
