-1824035.875000
-2019965.625000
-2219137.000000
-2356277.500000
-2444640.500000
-2527248.750000
-2564376.750000
-2578031.000000
-2598399.500000
-2609488.000000
-2623113.250000
-2633196.000000
-2643016.250000
-2651926.000000
-2658506.750000
-2666229.500000
-2680546.750000
-2687876.250000
-2694978.750000
-2699585.250000
-2705428.250000
-2705553.750000
-2720884.250000
-2726110.750000
-2730835.000000
-2734497.000000
-2737355.000000
-2738640.250000
-2752901.000000
-2756750.750000
-2773770.750000
-2776742.500000
-2779059.000000
-2780963.500000
-2781191.750000
-2792951.500000
-2798489.500000
-2812923.500000
-2815586.000000
-2816843.500000
-2819078.500000
-2824545.500000
-2827183.500000
-2834133.750000
-2836281.500000
-2838032.250000
-2839759.750000
-2840709.250000
-2841576.750000
-2847951.750000
-2850386.000000
-2858743.250000
-2860166.250000
-2861690.500000
-2862464.250000
-2863373.750000
-2868268.250000
-2870684.750000
-2876992.750000
-2878246.500000
-2879491.750000
-2880275.250000
-2880967.750000
-2885021.250000
-2887951.750000
-2893285.000000
-2894328.750000
-2895570.500000
-2896125.250000
-2897092.000000
-2900065.000000
-2901798.250000
-2905659.250000
-2906681.500000
-2907640.250000
-2908376.500000
-2909045.500000
-2909214.750000
-2909267.000000
-2913949.750000
-2915634.750000
-2917287.500000
-2917326.500000
-2919212.250000
-2920713.250000
-2921141.500000
-2922949.750000
-2924100.000000
-2924796.500000
-2926055.000000
-2926086.000000
-2927366.500000
-2929209.750000
-2929541.250000
-2931897.500000
-2932802.000000
-2933393.000000
-2934241.500000
-2934445.000000
-2935082.500000
-2937363.750000
-2938025.750000
-2941029.500000
-2941689.000000
-2942364.750000
-2942782.750000
-2943261.750000
-2945149.250000
-2946730.000000
-2949132.250000
-2949765.000000
-2950397.250000
-2950859.500000
-2951310.000000
-2951463.750000
-2951505.000000
-2954337.000000
-2954537.500000
-2958342.500000
-2958705.000000
-2959325.500000
-2959336.750000
-2959772.000000
-2961830.750000
-2962669.750000
-2963473.250000
-2963752.250000
-2964648.750000
-2965474.000000
-2965996.250000
-2967001.000000
-2967623.500000
-2968147.750000
-2968814.000000
-2969054.500000
-2969717.000000
-2970704.750000
-2971387.250000
-2972609.250000
-2973155.750000
-2973622.250000
-2974139.000000
-2974446.500000
-2974862.500000
-2974907.250000
-2975075.750000
-2977125.750000
-2977225.000000
-2979792.000000
-2980148.250000
-2980560.000000
-2980714.500000
-2980958.250000
-2982518.250000
-2983040.250000
-2985066.750000
-2985435.000000
-2985850.500000
-2986063.750000
-2986346.000000
-2987578.750000
-2988473.500000
-2990027.000000
-2990410.000000
-2990818.750000
-2991079.000000
-2991401.250000
-2991435.000000
-2991555.250000
-2993288.500000
-2993956.500000
-2994607.000000
-2994712.250000
-2995474.000000
-2996038.000000
-2996302.750000
-2996961.750000
-2997445.500000
-2997819.000000
-2998377.250000
-2998442.250000
-2999052.750000
-2999723.250000
-2999967.500000
-3000786.750000
-3001218.500000
-3001510.250000
-3001970.000000
-3002050.500000
-3002500.250000
-3003301.250000
-3003587.750000
-3004592.000000
-3004968.750000
-3005246.500000
-3005600.750000
-3005727.750000
-3006005.000000
-3006954.750000
-3007415.500000
-3008612.000000
-3008931.500000
-3009227.500000
-3009474.250000
-3009663.750000
-3009765.250000
-3010869.250000
-3011739.000000
-3013096.000000
-3013366.000000
-3013675.750000
-3013836.000000
-3014064.250000
-3014886.500000
-3015517.750000
-3016612.250000
-3016892.750000
-3017198.000000
-3017382.750000
-3017635.500000
-3017651.250000
-3017768.750000
-3018994.250000
-3019473.000000
-3019922.000000
-3020030.750000
-3020544.250000
-3020966.500000
-3021193.750000
-3021701.750000
-3022043.250000
-3022317.750000
-3022695.500000
-3022786.250000
-3023179.750000
-3023700.000000
-3023953.500000
-3024617.000000
-3024920.250000
-3025154.250000
-3025450.250000
-3025572.500000
-3025822.750000
-3026473.250000
-3026902.000000
-3027762.500000
-3028021.250000
-3028272.750000
-3028468.500000
-3028661.000000
-3028736.000000
-3028798.750000
-3029848.750000
-3030092.250000
-3031397.250000
-3031594.250000
-3031817.750000
-3031915.250000
-3032044.500000
-3032870.000000
-3033247.500000
-3034367.000000
-3034560.250000
-3034818.000000
-3034901.750000
-3035109.000000
-3035767.500000
-3036069.750000
-3036899.000000
-3037131.250000
-3037338.000000
-3037524.250000
-3037649.750000
-3037739.000000
-3038516.250000
-3039056.250000
-3040016.500000
-3040214.000000
-3040434.250000
-3040555.000000
-3040712.250000
-3041318.750000
-3041829.250000
-3042647.250000
-3042848.250000
-3043080.250000
-3043202.250000
-3043402.000000
-3043897.500000
-3044322.750000
-3044946.500000
-3045165.500000
-3045367.000000
-3045554.500000
-3045697.000000
-3045817.000000
-3045841.000000
-3046645.000000
-3047246.750000
-3048309.750000
-3048461.500000
-3048686.500000
-3048739.750000
-3048920.250000
-3049501.250000
-3049705.250000
-3050472.250000
-3050660.750000
-3050841.250000
-3050973.500000
-3051093.750000
-3051115.750000
-3051860.750000
-3052513.250000
-3053433.750000
-3053586.000000
-3053783.500000
-3053856.250000
-3054000.250000
-3054555.250000
-3054832.750000
-3055584.500000
-3055755.000000
-3055941.000000
-3056050.500000
-3056189.750000
-3056192.000000
-3056219.250000
-3057103.750000
-3057427.250000
-3057741.750000
-3057775.500000
-3058145.500000
-3058420.500000
-3058532.500000
-3058863.250000
-3059098.500000
-3059262.750000
-3059529.500000
-3059551.250000
-3059835.250000
-3060188.750000
-3060290.500000
-3060742.750000
-3060949.250000
-3061085.500000
-3061291.250000
-3061338.000000
-3061516.750000
-3061975.750000
-3062148.000000
-3062751.750000
-3062923.500000
-3063075.500000
-3063214.500000
-3063308.250000
-3063377.500000
-3063947.000000
-3064346.750000
-3065085.250000
-3065228.750000
-3065406.250000
-3065482.000000
-3065627.250000
-3066055.500000
-3066334.000000
-3066896.250000
-3067056.000000
-3067213.250000
-3067334.000000
-3067448.250000
-3067491.500000
-3067518.000000
-3068218.500000
-3068322.500000
-3069236.500000
-3069346.250000
-3069509.000000
-3069540.250000
-3069652.000000
-3070181.500000
-3070294.250000
-3070998.000000
-3071132.500000
-3071275.250000
-3071355.500000
-3071444.500000
-3071915.500000
-3072246.250000
-3072862.500000
-3073001.750000
-3073162.000000
-3073243.500000
-3073375.500000
-3073744.250000
-3074054.750000
-3074537.500000
-3074686.500000
-3074833.000000
-3074948.250000
-3075061.000000
-3075109.750000
-3075147.750000
-3075742.250000
-3075900.500000
-3076681.750000
-3076788.250000
-3076942.000000
-3076978.250000
-3077092.000000
-3077542.250000
-3077678.250000
-3078273.250000
-3078403.000000
-3078534.000000
-3078620.000000
-3078702.500000
-3078704.750000
-3079281.500000
-3079697.250000
-3080454.500000
-3080549.500000
-3080703.500000
-3080722.000000
-3080846.250000
-3081276.750000
-3081351.000000
-3081918.000000
-3082047.500000
-3082166.750000
-3082256.750000
-3082329.750000
-3082343.750000
-3082881.250000
-3083213.750000
-3083914.750000
-3084011.000000
-3084165.500000
-3084191.750000
-3084320.250000
-3084698.250000
-3084800.500000
-3085297.750000
-3085426.250000
-3085538.250000
-3085637.500000
-3085700.750000
-3085735.750000
-3086217.750000
-3086490.000000
-3087127.500000
-3087226.000000
-3087361.000000
-3087398.750000
-3087503.000000
-3087882.250000
-3088017.750000
-3088515.750000
-3088635.250000
-3088753.000000
-3088834.250000
-3088918.500000
-3088928.000000
-3088933.500000
-3089542.750000
-3089776.250000
-3090002.000000
-3090011.750000
-3090283.500000
-3090467.500000
-3090534.500000
-3090751.750000
-3090920.750000
-3091032.750000
-3091232.250000
-3091379.500000
-3091516.250000
-3091686.750000
-3091734.000000
-3091923.250000
-3092123.000000
-3092237.500000
-3092484.500000
-3092624.250000
-3092733.000000
-3092883.000000
-3092929.250000
-3093079.250000
-3093322.750000
-3093458.000000
-3093768.000000
-3093897.250000
-3093999.750000
-3094124.250000
-3094181.500000
-3094280.750000
-3094580.000000
-3094791.000000
-3095182.250000
-3095296.500000
-3095405.500000
-3095494.500000
-3095573.250000
-3095609.500000
-3095625.000000
-3096116.750000
-3096235.250000
-3096881.500000
-3096956.750000
-3097082.250000
-3097093.500000
-3097193.000000
-3097550.750000
-3097603.250000
-3098073.000000
-3098177.500000
-3098269.500000
-3098342.750000
-3098390.750000
-3098402.000000
-3098855.750000
-3099058.000000
-3099656.500000
-3099730.750000
-3099847.250000
-3099862.000000
-3099951.750000
-3100299.000000
-3100361.000000
-3100820.250000
-3100919.000000
-3101016.250000
-3101077.250000
-3101141.000000
-3101447.000000
-3101720.500000
-3102119.000000
-3102214.750000
-3102323.750000
-3102385.000000
-3102471.750000
-3102474.500000
-3102508.000000
-3102968.000000
-3103140.250000
-3103313.000000
-3103344.750000
-3103550.250000
-3103697.750000
-3103771.000000
-3103941.500000
-3104074.500000
-3104182.000000
-3104337.750000
-3104354.000000
-3104531.250000
-3104709.750000
-3104772.250000
-3104990.250000
-3105113.250000
-3105195.250000
-3105332.000000
-3105348.500000
-3105486.500000
-3105705.500000
-3105771.250000
-3106050.750000
-3106162.250000
-3106237.250000
-3106347.500000
-3106374.000000
-3106465.500000
-3106739.000000
-3106840.250000
-3107195.750000
-3107291.250000
-3107375.750000
-3107450.250000
-3107499.500000
-3107529.500000
-3107872.250000
-3108100.750000
-3108551.500000
-3108625.250000
-3108728.000000
-3108758.750000
-3108839.250000
-3109105.750000
-3109223.750000
-3109573.500000
-3109662.500000
-3109752.250000
-3109814.000000
-3109880.750000
-3109893.000000
-3109905.750000
-3110331.000000
-3110344.750000
-3110906.000000
-3110963.750000
-3111053.500000
-3111059.000000
-3111116.000000
-3111454.750000
-3111472.500000
-3111921.250000
-3111994.250000
-3112077.500000
-3112113.000000
-3112169.000000
-3112451.000000
-3112590.750000
-3112960.500000
-3113040.000000
-3113125.750000
-3113172.750000
-3113235.000000
-3113473.500000
-3113673.500000
-3113988.750000
-3114071.250000
-3114163.250000
-3114215.750000
-3114294.000000
-3114299.000000
-3114339.250000
-3114687.500000
-3114689.000000
-3115149.750000
-3115214.000000
-3115290.000000
-3115316.000000
-3115359.500000
-3115657.500000
-3115761.750000
-3116157.250000
-3116224.500000
-3116312.000000
-3116342.500000
-3116412.000000
-3116644.250000
-3116756.500000
-3117060.000000
-3117137.500000
-3117214.250000
-3117271.750000
-3117322.250000
-3117341.500000
-3117631.000000
-3117886.750000
-3118266.750000
-3118330.000000
-3118420.500000
-3118443.500000
-3118518.500000
-3118736.000000
-3118827.500000
-3119111.250000
-3119190.250000
-3119263.000000
-3119318.750000
-3119372.250000
-3119390.000000
-3119395.000000
-3119753.750000
-3119796.500000
-3120270.500000
-3120317.500000
-3120398.250000
-3120402.250000
-3120455.250000
-3120733.500000
-3120747.250000
-3121115.500000
-3121181.000000
-3121250.250000
-3121284.750000
-3121328.500000
-3121567.000000
-3121707.250000
-3122018.500000
-3122085.500000
-3122160.750000
-3122199.500000
-3122256.750000
-3122455.000000
-3122618.250000
-3122879.000000
-3122950.000000
-3123027.250000
-3123075.250000
-3123139.500000
-3123148.500000
-3123180.500000
-3123474.750000
-3123491.000000
-3123879.750000
-3123934.000000
-3124001.000000
-3124025.000000
-3124064.750000
-3124312.000000
-3124402.500000
-3124731.000000
-3124790.250000
-3124865.000000
-3124892.500000
-3124952.750000
-3125148.500000
-3125253.500000
-3125508.500000
-3125576.250000
-3125643.750000
-3125693.250000
-3125739.000000
-3125756.000000
-3125756.500000
-3126079.250000
-3126124.750000
-3126555.750000
-3126595.500000
-3126674.250000
-3126804.250000
-3126917.250000
-3127081.250000
-3127155.750000
-3127219.750000
-3127290.000000
-3127334.250000
-3127391.500000
-3127398.000000
-3127422.250000
-3127705.500000
-3127717.750000
-3128095.750000
-3128142.250000
-3128206.000000
-3128222.500000
-3128260.500000
-3128495.000000
-3128553.500000
-3128866.000000
-3128917.750000
-3128984.000000
-3129010.250000
-3129060.500000
-3129250.500000
-3129346.750000
-3129595.000000
-3129656.500000
-3129718.000000
-3129760.750000
-3129802.500000
-3129812.500000
-3129812.750000
-3130123.000000
-3130131.500000
-3130544.750000
-3130579.250000
-3130650.250000
-3130774.500000
-3130878.250000
-3131038.750000
-3131106.250000
-3131165.500000
-3131228.750000
-3131268.000000
-3131318.000000
-3131323.000000
-3131339.250000
-3131616.000000
-3131616.750000
-3131983.000000
-3132024.750000
-3132084.250000
-3132093.750000
-3132129.250000
-3132355.000000
-3132390.250000
-3132690.250000
-3132738.750000
-3132799.750000
-3132820.500000
-3132865.500000
-3133049.000000
-3133131.750000
-3133373.500000
-3133428.750000
-3133486.000000
-3133523.750000
-3133562.750000
-3133567.250000
-3133796.000000
-3134005.000000
-3134307.500000
-3134350.250000
-3134419.250000
-3134431.000000
-3134489.000000
-3134654.000000
-3134700.250000
-3134918.750000
-3134976.000000
-3135028.000000
-3135071.000000
-3135104.750000
-3135117.500000
-3135328.500000
-3135501.000000
-3135783.250000
-3135826.250000
-3135894.750000
-3135907.750000
-3135971.000000
-3136120.000000
-3136165.000000
-3136355.250000
-3136413.750000
-3136461.250000
-3136513.000000
-3136536.250000
-3136567.750000
-3136752.500000
-3136844.000000
-3137087.750000
-3137135.250000
-3137190.750000
-3137219.750000
-3137259.500000
-3137413.250000
-3137531.000000
-3137733.750000
-3137786.750000
-3137844.250000
-3137877.500000
-3137927.250000
-3137927.750000
-3137952.750000
-3138181.500000
-3138272.750000
-3138359.750000
-3138379.750000
-3138481.750000
-3138561.000000
-3138603.500000
-3138700.000000
-3138767.500000
-3138822.500000
-3138898.750000
-3138915.000000
-3138995.750000
-3139096.000000
-3139141.750000
-3139266.750000
-3139328.750000
-3139375.000000
-3139437.500000
-3139458.750000
-3139515.000000
-3139640.250000
-3139712.750000
-3139878.250000
-3139932.000000
-3139982.000000
-3140026.750000
-3140062.750000
-3140085.500000
-3140093.250000
-3140305.250000
-3140406.000000
-3140687.500000
-3140723.000000
-3140780.500000
-3140790.250000
-3140835.250000
-3140994.750000
-3141031.500000
-3141245.750000
-3141292.750000
-3141341.250000
-3141371.750000
-3141404.250000
-3141546.500000
-3141683.000000
-3141869.750000
-3141917.750000
-3141970.250000
-3142002.500000
-3142046.250000
-3142048.500000
-3142066.750000
-3142282.500000
-3142289.750000
-3142579.250000
-3142613.750000
-3142664.250000
-3142672.250000
-3142709.750000
-3142879.250000
-3142901.000000
-3143122.500000
-3143167.750000
-3143210.000000
-3143238.750000
-3143262.000000
-3143263.250000
-3143474.250000
-3143568.750000
-3143849.750000
-3143881.500000
-3143934.750000
-3143940.500000
-3143983.000000
-3144141.250000
-3144158.000000
-3144366.750000
-3144410.250000
-3144453.750000
-3144481.750000
-3144508.250000
-3144651.000000
-3144779.000000
-3144966.000000
-3145008.750000
-3145058.500000
-3145086.000000
-3145126.500000
-3145241.000000
-3145347.250000
-3145498.250000
-3145546.000000
-3145594.250000
-3145628.500000
-3145669.500000
-3145681.000000
-3145703.000000
-3145878.750000
-3145916.250000
-3146148.500000
-3146185.000000
-3146230.250000
-3146246.250000
-3146277.500000
-3146422.250000
-3146497.000000
-3146691.750000
-3146730.750000
-3146779.000000
-3146800.000000
-3146839.750000
-3146957.250000
-3147039.000000
-3147192.000000
-3147236.500000
-3147279.500000
-3147315.250000
-3147346.500000
-3147362.250000
-3147366.500000
-3147559.750000
-3147620.250000
-3147880.500000
-3147906.750000
-3147960.000000
-3148039.000000
-3148115.000000
-3148214.500000
-3148263.250000
-3148306.500000
-3148352.500000
-3148382.500000
-3148422.500000
-3148428.750000
-3148451.250000
-3148621.250000
-3148637.750000
-3148864.000000
-3148897.500000
-3148938.000000
-3148954.500000
-3148979.000000
-3149122.500000
-3149190.000000
-3149382.250000
-3149418.000000
-3149464.000000
-3149481.500000
-3149518.750000
-3149633.000000
-3149699.500000
-3149849.000000
-3149891.250000
-3149931.000000
-3149963.750000
-3149991.750000
-3150004.500000
-3150006.250000
-3150196.250000
-3150242.000000
-3150497.000000
-3150522.250000
-3150571.500000
-3150649.250000
-3150717.000000
-3150814.500000
-3150859.500000
-3150900.250000
-3150943.000000
-3150971.250000
-3151007.750000
-3151011.000000
-3151029.500000
-3151197.750000
-3151206.750000
-3151431.750000
-3151462.000000
-3151502.000000
-3151512.250000
-3151538.250000
-3151676.000000
-3151721.000000
-3151905.500000
-3151940.250000
-3151981.250000
-3151999.000000
-3152030.000000
-3152144.250000
-3152212.500000
-3152365.000000
-3152402.000000
-3152442.000000
-3152468.500000
-3152497.500000
-3152502.750000
-3152509.250000
-3152691.250000
-3152699.000000
-3152940.750000
-3152965.500000
-3153008.250000
-3153008.750000
-3153039.000000
-3153179.000000
-3153183.000000
-3153369.000000
-3153402.750000
-3153437.250000
-3153457.500000
-3153475.750000
-3153602.000000
-3153697.750000
-3153863.750000
-3153896.750000
-3153939.500000
-3153956.750000
-3153992.000000
-3154089.250000
-3154149.500000
-3154277.750000
-3154315.000000
-3154352.500000
-3154382.250000
-3154408.250000
-3154421.500000
-3154427.250000
-3154587.000000
-3154638.000000
-3154850.250000
-3154875.750000
-3154916.250000
-3154920.500000
-3154954.750000
-3155074.250000
-3155093.000000
-3155252.000000
-3155287.000000
-3155320.000000
-3155343.000000
-3155362.250000
-3155364.000000
-3155516.500000
-3155617.250000
-3155823.250000
-3155847.250000
-3155893.250000
-3155953.250000
-3156012.500000
-3156089.250000
-3156129.750000
-3156165.500000
-3156205.250000
-3156230.750000
-3156267.000000
-3156272.500000
-3156296.250000
-3156424.750000
-3156444.750000
-3156613.250000
-3156644.500000
-3156677.250000
-3156695.500000
-3156715.000000
-3156826.500000
-3156913.000000
-3157064.250000
-3157095.750000
-3157136.750000
-3157151.250000
-3157187.000000
-3157272.750000
-3157326.500000
-3157436.500000
-3157472.750000
-3157505.500000
-3157536.250000
-3157557.500000
-3157577.000000
-3157682.250000
-3157776.250000
-3157913.250000
-3157944.500000
-3157980.250000
-3158002.000000
-3158031.000000
-3158031.750000
-3158042.500000
-3158197.500000
-3158257.250000
-3158317.750000
-3158327.000000
-3158399.250000
-3158447.500000
-3158473.000000
-3158529.000000
-3158574.000000
-3158612.750000
-3158668.500000
-3158672.250000
-3158736.750000
-3158795.500000
-3158815.250000
-3158885.250000
-3158929.000000
-3158957.000000
-3159007.750000
-3159009.250000
-3159064.750000
-3159134.500000
-3159152.500000
-3159240.250000
-3159281.000000
-3159305.500000
-3159349.750000
-3159351.250000
-3159392.500000
-3159479.750000
-3159499.250000
-3159610.000000
-3159645.250000
-3159670.750000
-3159705.750000
-3159713.250000
-3159739.000000
-3159846.500000
-3159875.250000
-3160012.750000
-3160043.750000
-3160073.000000
-3160096.250000
-3160111.750000
-3160119.000000
-3160246.750000
-3160314.750000
-3160480.250000
-3160507.000000
-3160541.000000
-3160551.250000
-3160576.750000
-3160674.000000
-3160716.750000
-3160849.500000
-3160880.000000
-3160912.750000
-3160930.000000
-3160956.750000
-3161039.000000
-3161100.750000
-3161204.500000
-3161236.500000
-3161268.500000
-3161295.500000
-3161315.750000
-3161331.500000
-3161426.750000
-3161525.000000
-3161649.000000
-3161678.250000
-3161710.750000
-3161730.000000
-3161755.500000
-3161758.000000
-3161765.750000
-3161909.000000
-3161910.500000
-3162105.750000
-3162125.000000
-3162161.250000
-3162220.750000
-3162271.500000
-3162345.250000
-3162379.000000
-3162409.250000
-3162442.250000
-3162461.750000
-3162490.250000
-3162560.750000
-3162624.000000
-3162710.250000
-3162742.750000
-3162773.250000
-3162802.250000
-3162822.000000
-3162843.500000
-3162845.500000
-3162850.250000
-3162996.250000
-3163050.250000
-3163104.000000
-3163111.000000
-3163173.750000
-3163219.500000
-3163239.750000
-3163295.750000
-3163335.500000
-3163363.000000
-3163407.500000
-3163413.750000
-3163461.000000
-3163521.000000
-3163543.750000
-3163620.250000
-3163654.750000
-3163682.000000
-3163714.500000
-3163728.250000
-3163754.000000
-3163832.750000
-3163884.250000
-3163990.750000
-3164020.000000
-3164049.500000
-3164069.750000
-3164096.500000
-3164098.500000
-3164114.000000
-3164233.750000
-3164234.750000
-3164388.250000
-3164413.000000
-3164438.250000
-3164453.000000
-3164462.250000
-3164567.250000
-3164644.750000
-3164791.000000
-3164812.250000
-3164850.250000
-3164854.250000
-3164891.500000
-3164963.250000
-3164981.000000
-3165071.500000
-3165105.750000
-3165126.250000
-3165158.750000
-3165164.750000
-3165190.500000
-3165278.500000
-3165299.750000
-3165410.500000
-3165439.500000
-3165462.500000
-3165487.250000
-3165496.250000
-3165510.750000
-3165614.500000
-3165648.500000
-3165780.250000
-3165806.500000
-3165831.000000
-3165847.500000
-3165861.500000
-3165862.250000
-3165984.750000
-3166045.750000
-3166201.500000
-3166221.000000
-3166251.250000
-3166258.500000
-3166278.500000
-3166370.750000
-3166400.500000
-3166526.000000
-3166549.750000
-3166579.500000
-3166591.000000
-3166616.750000
-3166691.250000
-3166728.000000
-3166821.250000
-3166849.750000
-3166874.750000
-3166899.500000
-3166912.500000
-3166929.250000
-3167016.250000
-3167066.250000
-3167175.500000
-3167202.250000
-3167227.500000
-3167246.000000
-3167262.500000
-3167268.250000
-3167369.750000
-3167442.750000
-3167570.750000
-3167593.500000
-3167621.000000
-3167633.500000
-3167653.250000
-3167731.750000
-3167786.000000
-3167895.250000
-3167917.750000
-3167947.750000
-3167961.500000
-3167989.500000
-3168052.000000
-3168093.000000
-3168168.750000
-3168198.750000
-3168222.250000
-3168248.500000
-3168263.500000
-3168284.250000
-3168356.000000
-3168404.750000
-3168494.250000
-3168522.000000
-3168546.750000
-3168569.500000
-3168584.500000
-3168598.250000
-3168680.750000
-3168745.250000
-3168849.500000
-3168874.000000
-3168899.750000
-3168916.500000
-3168934.000000
-3168939.000000
-3169036.250000
-3169121.000000
-3169243.250000
-3169265.000000
-3169291.500000
-3169303.750000
-3169322.750000
-3169397.000000
-3169447.000000
-3169547.500000
-3169570.500000
-3169600.500000
-3169613.000000
-3169639.500000
-3169698.750000
-3169740.750000
-3169814.500000
-3169841.000000
-3169864.500000
-3169890.000000
-3169904.250000
-3169925.000000
-3169992.250000
-3170041.000000
-3170125.750000
-3170152.500000
-3170176.500000
-3170197.750000
-3170213.000000
-3170227.500000
-3170305.250000
-3170366.750000
-3170466.000000
-3170490.250000
-3170515.000000
-3170532.250000
-3170549.250000
-3170554.250000
-3170645.000000
-3170725.750000
-3170840.250000
-3170861.750000
-3170887.000000
-3170899.750000
-3170919.000000
-3170987.500000
-3171040.500000
-3171136.500000
-3171158.750000
-3171187.000000
-3171199.750000
-3171224.500000
-3171281.750000
-3171320.250000
-3171389.250000
-3171416.250000
-3171438.250000
-3171465.000000
-3171476.000000
-3171497.750000
-3171562.000000
-3171606.500000
-3171687.250000
-3171712.250000
-3171734.250000
-3171757.250000
-3171770.250000
-3171783.750000
-3171858.250000
-3171914.750000
-3172009.000000
-3172032.500000
-3172056.250000
-3172071.750000
-3172088.750000
-3172092.750000
-3172181.000000
-3172252.250000
-3172363.500000
-3172382.750000
-3172407.750000
-3172419.750000
-3172437.500000
-3172506.250000
-3172556.500000
-3172649.000000
-3172671.250000
-3172698.750000
-3172709.750000
-3172735.250000
-3172789.000000
-3172825.250000
-3172891.750000
-3172917.250000
-3172938.000000
-3172962.500000
-3172974.250000
-3172995.500000
-3173055.750000
-3173099.000000
-3173175.500000
-3173200.250000
-3173221.500000
-3173242.750000
-3173256.000000
-3173269.250000
-3173341.500000
-3173392.250000
-3173484.250000
-3173505.750000
-3173527.500000
-3173544.250000
-3173559.000000
-3173563.750000
-3173648.500000
-3173716.250000
-3173823.000000
-3173843.750000
-3173866.750000
-3173877.750000
-3173893.500000
-3173960.250000
-3174008.750000
-3174098.500000
-3174119.750000
-3174146.250000
-3174157.250000
-3174181.750000
-3174232.500000
-3174268.000000
-3174333.000000
-3174357.250000
-3174377.750000
-3174401.250000
-3174413.000000
-3174431.000000
-3174491.000000
-3174532.750000
-3174607.750000
-3174631.750000
-3174652.000000
-3174672.500000
-3174685.250000
-3174696.000000
-3174768.000000
-3174817.500000
-3174907.500000
-3174928.750000
-3174950.250000
-3174965.250000
-3174980.000000
-3174984.000000
-3175067.750000
-3175135.250000
-3175239.000000
-3175258.250000
-3175281.500000
-3175291.750000
-3175309.250000
-3175371.750000
-3175413.750000
-3175500.500000
-3175520.750000
-3175545.750000
-3175556.750000
-3175579.750000
-3175630.750000
-3175666.750000
-3175730.500000
-3175753.500000
-3175772.500000
-3175794.500000
-3175807.750000
-3175824.000000
-3175883.000000
-3175926.750000
-3176001.000000
-3176023.750000
-3176043.250000
-3176062.000000
-3176075.000000
-3176084.750000
-3176155.750000
-3176213.250000
-3176301.750000
-3176320.500000
-3176342.000000
-3176355.250000
-3176370.500000
-3176372.250000
-3176373.000000
-3176479.500000
-3176479.750000
-3176627.250000
-3176637.250000
-3176664.500000
-3176706.500000
-3176733.000000
-3176784.750000
-3176809.250000
-3176828.500000
-3176851.750000
-3176861.500000
-3176884.500000
-3176934.250000
-3176963.250000
-3177024.500000
-3177047.000000
-3177065.750000
-3177087.250000
-3177097.500000
-3177114.750000
-3177173.000000
-3177207.750000
-3177281.500000
-3177303.250000
-3177322.500000
-3177339.750000
-3177351.500000
-3177361.250000
-3177430.250000
-3177479.000000
-3177566.250000
-3177584.500000
-3177605.500000
-3177619.000000
-3177632.750000
-3177633.250000
-3177714.750000
-3177788.000000
-3177891.500000
-3177907.000000
-3177929.500000
-3177937.000000
-3177954.500000
-3178014.250000
-3178043.000000
-3178124.500000
-3178142.250000
-3178164.250000
-3178175.500000
-3178194.250000
-3178243.500000
-3178284.750000
-3178347.500000
-3178368.250000
-3178388.750000
-3178407.250000
-3178419.250000
-3178431.000000
-3178491.000000
-3178542.750000
-3178620.500000
-3178638.500000
-3178659.750000
-3178674.750000
-3178689.250000
-3178692.500000
-3178693.750000
-3178786.750000
-3178802.750000
-3178929.500000
-3178939.750000
-3178966.500000
-3179003.250000
-3179030.000000
-3179075.500000
-3179098.250000
-3179117.000000
-3179139.500000
-3179150.500000
-3179172.750000
-3179216.000000
-3179249.000000
-3179302.250000
-3179323.250000
-3179341.750000
-3179362.000000
-3179372.750000
-3179390.000000
-3179440.000000
-3179481.250000
-3179546.250000
-3179565.000000
-3179584.500000
-3179601.250000
-3179614.500000
-3179624.750000
-3179683.750000
-3179743.000000
-3179818.500000
-3179837.500000
-3179857.750000
-3179870.250000
-3179885.750000
-3179888.500000
-3179891.500000
-3179980.250000
-3179985.500000
-3180108.000000
-3180118.750000
-3180142.250000
-3180178.250000
-3180209.500000
-3180255.000000
-3180276.500000
-3180295.000000
-3180315.750000
-3180327.500000
-3180346.500000
-3180389.750000
-3180426.250000
-3180481.000000
-3180501.750000
-3180520.500000
-3180538.750000
-3180550.750000
-3180565.000000
-3180616.000000
-3180667.500000
-3180732.000000
-3180750.250000
-3180770.000000
-3180784.500000
-3180800.000000
-3180806.750000
-3180808.750000
-3180889.250000
-3180917.250000
-3181026.750000
-3181038.750000
-3181062.500000
-3181096.500000
-3181124.250000
-3181164.500000
-3181186.000000
-3181205.250000
-3181227.500000
-3181238.000000
-3181258.500000
-3181296.000000
-3181332.250000
-3181381.500000
-3181401.000000
-3181418.250000
-3181437.750000
-3181449.250000
-3181466.500000
-3181467.500000
-3181475.250000
-3181555.000000
-3181587.250000
-3181618.000000
-3181625.250000
-3181660.500000
-3181687.750000
-3181702.750000
-3181735.750000
-3181759.000000
-3181779.750000
-3181805.000000
-3181811.500000
-3181838.000000
-3181873.500000
-3181892.000000
-3181938.000000
-3181959.500000
-3181975.500000
-3181996.000000
-3182004.750000
-3182022.500000
-3182068.750000
-3182106.250000
-3182167.750000
-3182186.500000
-3182205.250000
-3182218.750000
-3182235.250000
-3182239.000000
-3182248.750000
-3182318.500000
-3182328.500000
-3182418.750000
-3182435.750000
-3182451.250000
-3182460.000000
-3182469.500000
-3182531.500000
-3182573.250000
-3182655.500000
-3182670.500000
-3182692.250000
-3182699.250000
-3182718.750000
-3182763.750000
-3182784.500000
-3182842.250000
-3182860.750000
-3182876.750000
-3182893.750000
-3182902.250000
-3182915.000000
-3182970.250000
-3183000.000000
-3183071.250000
-3183088.250000
-3183106.750000
-3183118.750000
-3183130.750000
-3183134.500000
-3183201.000000
