0.3903947
2.6152399
3.0866075
3.3853126
3.6260986
3.7992728
3.9943025
4.1262369
4.2384162
4.3467913
4.4521041
4.5614634
4.6620979
4.7489405
4.8298631
4.9153233
4.9986777
5.0578804
5.1245861
5.1774340
5.2466931
5.2820063
5.3328161
5.3803077
5.4183326
5.4716692
5.5331025
5.5803022
5.6381240
5.6806736
5.7086835
5.7571054
5.7887907
5.8233004
5.8513427
5.8994136
5.9224358
5.9516602
5.9857454
6.0109911
6.0477242
6.0633698
6.1061268
6.1268835
6.1507392
6.1900954
6.2070885
6.2284021
6.2519383
6.2798104
6.2855449
6.3133459
6.3439765
6.3617187
6.3830585
6.4125781
6.4263201
6.4366999
6.4690647
6.5022874
6.5008616
6.5203090
6.5450206
6.5708990
6.5889158
6.6236277
6.6478448
6.6524863
6.6744766
6.6879759
6.7001400
6.7188854
6.7381577
6.7549233
6.7598405
6.7697058
6.7834344
6.7982321
6.8134837
6.8291478
6.8428626
6.8629088
6.8916488
6.8944092
6.9028592
6.9203572
6.9382558
6.9488788
6.9705448
6.9754400
6.9929528
6.9997778
7.0082421
7.0215878
7.0407219
7.0484982
7.0689244
7.0847840
7.0985584
7.1107111
7.1190300
7.1352282
7.1415839
7.1497612
7.1595292
7.1747913
7.1869440
7.1966381
7.2123165
7.2295790
7.2388659
7.2435627
7.2694983
7.2756996
7.2772946
7.2851315
7.2957902
7.3076735
7.3254380
7.3327994
7.3388076
7.3513527
7.3528495
7.3529243
7.3662925
7.3718553
7.3856688
7.3849616
7.3883238
7.4065537
7.4240613
7.4373803
7.4399757
7.4414458
7.4547753
7.4589677
7.4754825
7.4802108
7.4953876
7.5049419
7.5071068
7.5166798
7.5251355
7.5432343
7.5413923
7.5501604
7.5503745
7.5601692
7.5776186
7.5837421
7.5989609
7.6035991
7.6086254
7.6145549
7.6277375
7.6359334
7.6438832
7.6441121
7.6513181
7.6647682
7.6751513
7.6814709
7.6883335
7.6858139
7.7018580
7.7059708
7.7033672
7.7060342
7.7117128
7.7247224
7.7345600
7.7393579
7.7393565
7.7555022
7.7546835
7.7574587
7.7675180
7.7660899
7.7766819
7.7750430
7.7860374
7.7896199
7.7954788
7.8117695
7.8083997
7.8202405
7.8092637
7.8232327
7.8297319
7.8334174
7.8321328
7.8530769
7.8540320
7.8638325
7.8647079
7.8748879
7.8822889
7.8787274
7.8828979
7.8874030
7.8963895
