300.015228
297.008301
299.603760
301.380554
300.439606
299.678284
298.604492
300.095978
299.952057
299.914459
300.061188
300.040497
300.195343
299.813507
300.273804
300.761047
300.302155
300.487183
299.631256
300.875610
298.803436
299.167725
301.089691
298.448517
300.462036
299.518005
299.281494
299.283844
300.496948
300.524597
300.976044
300.092194
301.489258
299.560181
299.987183
301.880249
299.739288
300.676483
300.425995
300.168549
300.090607
301.008270
300.583374
300.011719
300.255890
300.552277
300.065613
299.636261
300.628937
300.274719
298.577454
298.908966
300.093170
300.909241
300.727875
299.675415
299.052338
299.683655
299.884705
301.147400
302.313324
300.549194
299.670990
300.356201
300.524933
299.390869
301.287689
299.909393
300.584839
300.243561
299.626587
300.175293
300.053101
299.163727
299.852631
301.136810
300.213013
299.825928
301.309021
299.642029
299.887787
300.931946
301.022369
299.282837
299.825836
299.927551
299.154907
300.801697
300.345764
299.376312
299.964844
302.140533
300.023438
300.918488
300.112671
299.989288
298.161499
299.125000
299.577820
300.318420
299.760559
298.544739
299.599457
299.026428
299.844574
299.592316
300.428162
299.239044
298.981842
298.849731
299.070923
300.249847
299.518219
299.061798
300.334167
299.746429
299.866119
300.982635
299.083374
300.059692
300.095428
300.175049
300.872803
300.713684
300.919525
300.285309
299.055817
300.723663
301.072266
300.134247
300.778564
299.916016
300.189209
300.849396
299.740265
299.348511
300.525909
300.347778
300.579987
300.301636
299.713165
300.395233
300.658813
300.001373
300.410797
300.657135
300.227081
300.804688
300.698700
300.088287
301.489838
299.618042
298.786255
299.952942
298.738586
300.630066
299.512695
300.772095
300.710999
300.534454
299.718750
299.911804
299.938354
300.073944
299.215179
300.202881
300.395142
299.420654
300.161957
301.814697
298.827545
300.822784
299.443298
299.623016
300.753723
299.571808
299.339386
300.341431
299.815613
299.716064
298.987335
299.295563
300.200745
299.629303
299.069366
299.181244
298.908600
299.987946
299.320312
300.035339
300.363556
300.741852
299.291748
299.292023
299.811432
299.714722
301.391632
301.934418
299.595856
300.184082
299.483307
299.678497
299.460449
300.094055
300.095306
299.922028
298.707520
299.074890
299.093170
300.763000
300.824310
300.290100
298.739624
300.377289
299.682953
301.995209
299.538239
300.318481
300.465729
300.087738
299.550385
301.130859
298.906128
298.825195
300.482758
300.051514
299.897705
298.988525
300.773529
299.255646
300.576721
299.709991
299.833466
300.599640
301.413971
299.921448
301.064270
300.522400
299.060547
300.551208
300.158447
300.634125
299.031464
299.705933
299.671631
299.253876
300.116760
300.325165
300.366302
300.467560
298.717468
299.280151
299.615601
300.039001
299.136658
300.798462
300.201019
300.582397
299.625641
298.023834
300.011475
299.511414
299.183350
298.643951
298.460114
300.199829
299.474976
300.552307
300.352112
302.286499
300.499146
299.078156
299.749969
298.716949
299.977539
299.971741
299.799805
299.992828
299.668854
300.605499
298.405853
300.493805
301.610596
300.033661
299.994751
298.987762
299.250702
300.702301
301.112732
299.971527
300.689911
300.214600
299.441071
300.503204
300.366577
300.352081
299.346039
300.403198
300.512848
300.107819
299.895630
300.214691
300.732727
300.003448
301.282166
299.150696
301.133636
301.694000
298.692169
300.805664
300.717010
299.828949
299.372223
298.482819
300.226318
300.172363
300.675446
301.588715
301.704651
299.469330
300.084442
298.506195
299.098358
300.449280
299.930634
298.048798
299.794617
299.822021
299.471863
299.664337
301.702515
301.007111
300.093628
300.761658
300.070435
300.989044
298.824127
298.470459
299.645447
300.216461
301.142426
300.203979
300.565643
300.342255
300.008301
299.428040
299.829437
301.100372
299.445953
299.380096
298.626221
299.299957
301.651062
300.933441
300.446136
300.092346
299.840393
300.285950
300.010712
298.646729
300.081543
300.342804
298.690247
300.526184
299.844147
300.145844
300.592865
298.845490
299.961578
300.327209
298.974854
300.338409
300.827087
300.228058
298.658966
300.813995
299.692932
300.470947
299.076324
299.598145
299.069336
300.290192
300.646942
300.614685
299.040649
300.788269
300.488159
301.359192
300.042480
299.780975
299.797882
300.292419
300.862976
299.399780
300.016235
299.969788
299.572662
298.979645
300.821075
299.947235
298.578705
300.198944
299.431366
299.240967
300.985260
300.144592
300.178314
300.484802
299.196564
300.224457
300.263275
299.679169
299.902679
300.200165
299.700745
299.932220
301.091705
299.196442
300.821930
300.608429
300.637451
299.438690
299.050964
299.854889
300.194000
296.701843
300.410492
299.354675
300.350952
299.467133
301.545776
298.149292
301.155701
299.659546
300.609283
298.823761
300.334076
300.346313
299.125763
299.226562
299.557739
299.799530
299.946045
299.564026
299.176239
299.478333
299.882416
298.781433
299.334686
299.766083
299.115295
300.952698
299.772797
299.820923
300.583374
301.135437
299.069763
300.020508
300.652405
299.155457
299.913544
300.099823
299.328278
300.830109
300.490173
301.319672
300.062408
299.566498
300.275360
299.497681
299.477722
302.000275
300.024414
298.112457
300.938019
299.571075
300.574860
300.215088
300.119659
300.598389
299.201660
300.849945
299.597870
300.639099
299.235016
300.253479
299.661835
300.290039
300.895782
298.518158
299.548828
299.910645
298.629517
300.473633
299.997131
300.455139
299.660248
301.302216
299.920776
300.050568
299.984467
299.618286
300.513794
299.925690
299.621735
300.826233
300.413757
300.133698
299.227142
299.006073
299.633484
300.585846
300.724060
299.913879
299.092773
300.249603
300.211090
299.686462
301.738708
299.621429
300.052765
300.861938
299.814484
299.926147
299.673706
300.346893
300.508057
299.522888
300.759216
299.768372
300.623383
300.369019
300.024475
300.271729
299.620575
300.746399
300.467560
299.396698
299.186584
299.968567
300.655365
300.319305
299.504578
299.479431
299.971497
300.122040
300.562195
300.362213
300.515137
299.705627
300.023773
300.759430
300.943115
299.517090
300.914215
300.007477
300.603729
299.876312
300.972015
300.644196
300.152710
299.261810
298.891327
298.407990
299.206116
299.109314
300.587433
300.734955
300.143921
300.134277
300.673401
299.769043
299.761230
300.288147
299.206268
298.423859
300.500031
298.882751
299.274048
300.366943
301.202881
300.309692
301.118530
300.774597
299.870300
301.129425
300.334015
300.114868
299.587585
299.344757
299.749451
299.978241
299.744049
301.214020
299.481964
299.604309
300.148071
300.577942
299.992554
300.797058
299.745483
300.561951
299.531830
299.918121
299.739807
299.965881
300.001770
301.155060
299.432312
299.919678
299.811707
300.097290
298.738251
301.139862
301.291504
299.451172
300.033691
299.146088
300.722443
299.220825
299.594116
300.212036
301.446289
299.826202
299.606171
299.136627
299.796021
300.652893
299.649506
299.270508
300.267090
299.735779
299.994873
299.569153
298.114197
299.728149
300.411469
300.427368
300.800415
298.448822
300.060303
301.016113
299.080627
300.543945
299.518219
299.986725
297.906189
299.173157
299.062164
299.234985
301.064484
300.069275
300.793762
299.886322
300.064911
299.705231
299.847046
301.413940
301.104797
300.661346
300.284851
299.349762
300.210297
300.012634
300.684174
300.603729
300.479767
299.969391
299.654114
300.403534
299.041656
300.059723
300.960083
298.524231
300.731781
299.941376
299.186493
300.179291
300.796295
298.892487
300.211548
299.064178
299.755920
300.992676
299.813507
301.027924
299.402435
299.839417
297.966461
300.882782
301.165924
301.036713
300.113495
298.777435
299.308777
301.548462
301.478180
299.939941
299.664673
300.252838
300.747375
301.071533
300.082306
300.133209
299.864227
300.283203
299.535156
300.208344
300.364716
299.867950
300.620544
300.785248
301.014832
300.565186
300.707336
300.227509
301.088593
299.918152
300.093292
299.385895
300.524902
297.579193
299.931580
300.063354
299.280304
298.832642
299.579834
300.475677
300.311676
300.307709
300.354523
300.676422
300.538330
300.910980
297.825958
299.646393
299.836365
299.213165
300.237183
299.421051
300.311188
300.428314
300.368378
298.440063
300.370880
298.460205
300.206085
298.220612
300.338806
300.546173
298.887024
299.762665
300.092194
300.227081
301.120483
299.864868
299.020508
299.995636
299.592682
299.609253
300.426941
299.906586
299.913208
300.431183
299.620361
300.559906
298.475006
301.560699
300.556641
299.368530
300.214935
299.709015
299.950989
300.601746
300.571808
299.082550
299.844360
298.901001
299.451385
297.793976
301.168762
299.583954
300.756897
299.820129
300.568115
300.956543
299.392334
298.279877
300.619263
300.828705
300.392151
300.211975
300.999573
299.895386
299.379639
300.712006
300.294739
301.330200
299.298340
299.707184
300.653992
300.125336
300.004639
299.003815
300.175446
298.445526
300.422913
300.771912
299.548004
300.830444
301.059052
298.745605
299.728210
300.432709
300.354645
299.433716
299.192749
299.723846
300.952301
298.409454
300.023529
300.146942
299.056519
299.867310
299.313263
300.831146
300.606262
300.209839
301.000519
299.018463
299.872955
299.881683
299.279572
300.205719
299.309326
300.408478
299.291168
300.333252
299.906860
299.384552
300.941589
299.713501
300.028351
300.696991
300.500916
299.723755
300.146271
300.606232
299.589294
299.084473
300.357727
298.397034
299.838470
300.924866
300.633667
300.867340
300.247040
301.026123
299.788788
299.544891
299.226227
299.064606
300.626770
299.844116
299.379181
299.390686
299.532104
299.501556
301.525238
299.086395
299.963989
299.866577
300.737030
298.891602
299.601440
300.314331
299.982727
299.806946
299.609131
299.741486
300.141541
299.795624
299.351776
300.127014
300.562103
300.627686
299.528381
302.017639
300.400940
299.305847
299.951569
301.046906
300.021149
300.706482
300.798920
300.563324
299.558289
299.759979
300.690399
299.985321
300.591553
301.115784
300.595001
299.753143
298.369415
300.922882
299.869354
298.498932
300.082703
299.232208
300.292816
299.852020
300.022003
299.151184
301.044891
299.427856
301.568665
300.535004
300.502472
299.741455
300.567566
